x0 = 100;
v0 = 15;
a = -9.81;
t = 5;
x = x0 + v0*t + 1/2*a*t^2