array1 = [1.1 0.0 -2.1 -3.5 6.0; 0.0 -3.0 -5.6 2.8 4.3; 2.1 0.3 0.1 -0.4 1.3; -1.4 5.1 0.0 1.1 -3.0];

a = array1(3, :)
b = array1(:, 3)
c = array1(1:2:3, [3 3 4])
d = array1([1 1], :)
